1 0
2 0
3 0
4 0
5 0
6 0
7 0
8 0
9 0
10 0
11 0
12 0
13 0
14 0
15 0
16 0
17 1
18 1
19 1
20 1
21 1
22 1
23 0
24 0
25 1
26 1
27 1
28 1
29 1
30 1
31 1
32 0
33 0
34 0
35 0
36 1
37 1
38 1
39 1
40 1
41 1
42 1
43 1
44 1
45 1
46 1
47 1
48 1
49 1
50 1
51 1
52 1
53 1
54 1
55 1
56 1
57 1
58 1
59 1
60 1
61 1
62 1
63 1
64 1
65 1
66 1
67 1
68 1
69 1
70 1
71 1
72 1
73 1
74 1
75 1
76 1
77 1
78 1
79 1
80 1
81 1
82 1
83 1
84 1
85 1
86 1
87 1
88 1
89 1
90 1
91 1
92 1
93 1
94 1
95 1
96 1
97 1
98 1
99 1
100 1
101 1
102 1
103 1
104 1
105 1
106 1
107 1
108 1
109 1
110 1
111 1
112 1
113 1
114 1
115 1
116 1
117 1
118 1
119 1
120 1
121 1
122 1
123 1
124 1
125 1
126 0
127 0
128 0
129 0
130 0
131 0
132 0
133 0
134 0
135 0
136 0
137 0
138 0
139 0
140 0
141 0
142 0
143 0
144 0
145 0
146 0
147 1
148 1
149 1
150 1
151 1
152 1
153 1
154 1
155 0
156 0
157 1
158 1
159 1
160 1
161 1
162 1
163 1
164 1
165 0
166 0
167 1
168 1
169 1
170 1
171 1
172 1
173 1
174 1
175 1
176 1
177 0
178 0
179 0
180 1
181 1
182 1
183 1
184 1
185 1
186 1
187 1
188 1
189 0
190 0
191 1
192 1
193 1
194 1
195 1
196 0
197 0
198 1
199 1
200 1
201 1
202 1
203 1
204 1
205 1
206 1
207 1
208 1
209 1
210 1
211 1
212 1
213 0
214 0
215 1
216 1
217 1
218 1
219 1
220 1
221 1
222 1
223 1
224 1
225 1
226 1
227 0
228 0
229 1
230 1
231 1
232 1
233 0
234 0
235 1
236 1
237 1
238 1
239 0
240 0
241 0
242 1
243 1
244 1
245 1
246 0
247 0
248 1
249 1
250 1
251 1
252 1
253 1
254 1
255 1
256 0
257 0
258 1
259 1
260 1
261 1
262 1
263 1
264 1
265 1
266 1
267 1
268 1
269 1
270 1
271 1
272 1
273 1
274 0
275 0
276 1
277 1
278 0
279 0
280 1
281 1
282 1
283 1
284 1
285 0
286 0
287 1
288 1
289 1
290 0
291 0
292 0
293 1
294 1
295 1
296 1
297 1
298 1
299 1
300 1
301 1
302 1
303 1
304 1
305 1
306 1
307 1
308 1
309 2
310 2
311 2
312 2
313 2
314 2
315 2
316 2
317 2
318 2
319 1
320 1
321 1
322 1
323 1
324 1
325 1
326 1
327 1
328 1
329 1
330 1
331 1
332 1
333 1
334 1
335 1
336 1
337 1
338 1
339 1
340 1
341 1
342 1
343 2
344 2
345 2
346 2
347 2
348 2
349 2
350 2
351 2
352 2
353 2
354 1
355 1
356 1
357 1
358 1
359 1
360 1
361 1
362 1
363 1
364 1
365 1
366 0
367 0
368 0
369 1
370 1
371 1
372 1
373 1
374 1
375 1
376 1
377 1
378 1
379 2
380 2
381 2
382 2
383 2
384 2
385 2
386 2
387 2
388 2
389 1
390 1
391 1
392 1
393 1
394 1
395 2
396 2
397 2
398 2
399 2
400 2
401 2
402 2
403 2
404 2
405 2
406 2
407 2
408 2
409 2
410 2
411 2
412 2
413 2
414 2
415 1
416 1
417 1
418 1
419 1
420 1
421 1
422 1
423 1
424 1
425 1
426 0
427 0
428 0
429 1
430 1
431 1
432 1
433 1
434 1
435 1
436 1
437 1
438 1
439 1
440 1
441 1
442 1
443 1
444 1
445 1
446 1
447 1
448 1
449 1
450 1
451 1
452 1
453 1
454 1
455 1
456 1
457 1
458 1
459 1
460 2
461 2
462 2
463 2
464 2
465 2
466 2
467 2
468 2
469 2
470 2
471 2
472 2
473 2
474 1
475 1
476 1
477 1
478 1
479 1
480 1
481 1
482 1
483 1
484 1
485 1
486 1
487 1
488 1
489 2
490 2
491 2
492 2
493 2
494 2
495 2
496 2
497 2
498 2
499 2
500 2
501 1
502 1
503 1
504 1
505 1
506 1
507 1
508 1
509 1
510 1
511 1
512 1
513 1
514 1
515 0
516 0
517 0
518 1
519 1
520 1
521 1
522 1
523 1
524 1
525 1
526 1
527 1
528 1
529 1
530 1
531 1
532 1
533 2
534 2
535 2
536 1
537 1
538 1
539 1
540 1
541 1
542 1
543 1
544 1
545 1
546 1
547 1
548 1
549 1
550 2
551 2
552 2
553 2
554 3
555 3
556 3
557 2
558 2
559 2
560 2
561 2
562 1
563 1
564 1
565 1
566 1
567 1
568 1
569 1
570 1
571 1
572 1
573 1
574 1
575 1
576 1
577 1
578 1
579 1
580 1
581 1
582 1
583 1
584 1
585 1
586 1
587 1
588 1
589 1
590 1
591 1
592 1
593 1
594 1
595 1
596 1
597 1
598 1
599 1
600 1
601 1
602 0
603 0
604 0
605 1
606 1
607 1
608 1
609 1
610 1
611 1
612 1
613 1
614 1
615 1
616 1
617 1
618 1
619 1
620 1
621 1
622 1
623 2
624 2
625 2
626 1
627 1
628 2
629 2
630 2
631 2
632 2
633 2
634 1
635 1
636 1
637 1
638 1
639 1
640 1
641 1
642 1
643 1
644 1
645 1
646 1
647 1
648 1
649 1
650 1
651 1
652 1
653 1
654 1
655 1
656 1
657 1
658 1
659 1
660 1
661 1
662 1
663 1
664 1
665 1
666 1
667 1
668 1
669 1
670 1
671 1
672 1
673 1
674 1
675 1
676 1
677 1
678 1
679 1
680 1
681 1
682 1
683 1
684 1
685 1
686 1
687 1
688 1
689 1
690 1
691 1
692 1
693 1
694 1
695 1
696 1
697 1
698 1
699 1
700 1
701 1
702 1
703 1
704 1
705 1
706 1
707 1
708 1
709 2
710 2
711 3
712 3
713 3
714 3
715 2
716 2
717 1
718 1
719 1
720 1
721 1
722 1
723 1
724 2
725 2
726 2
727 2
728 1
729 1
730 1
731 1
732 1
733 1
734 1
735 1
736 2
737 2
738 2
739 2
740 2
741 2
742 2
743 2
744 2
745 2
746 2
747 2
748 2
749 1
750 1
751 1
752 1
753 1
754 1
755 1
756 1
757 1
758 1
759 1
760 1
761 1
762 1
763 0
764 0
765 0
766 1
767 1
768 1
769 1
770 1
771 1
772 1
773 1
774 1
775 1
776 1
777 1
778 1
779 1
780 1
781 1
782 1
783 1
784 1
785 1
786 1
787 1
788 1
789 1
790 1
791 1
792 1
793 1
794 1
795 1
796 1
797 1
798 1
799 1
800 1
801 1
802 2
803 2
804 2
805 2
806 1
807 1
808 1
809 1
810 1
811 1
812 1
813 1
814 1
815 1
816 1
817 1
818 0
819 0
820 0
821 1
822 1
823 1
824 1
825 1
826 1
827 1
828 1
829 1
830 1
831 1
832 1
833 1
834 1
835 1
836 1
837 1
838 1
839 1
840 2
841 2
842 2
843 2
844 2
845 2
846 2
847 2
848 1
849 1
850 1
851 1
852 1
853 1
854 1
855 1
856 1
857 1
858 1
859 1
860 1
861 1
862 1
863 1
864 1
865 1
866 1
867 1
868 1
869 1
870 0
871 0
872 1
873 1
874 1
875 1
876 1
877 1
878 1
879 1
880 1
881 1
882 1
883 1
884 1
885 1
886 1
887 1
888 1
889 1
890 1
891 1
892 1
893 1
894 2
895 3
896 3
897 3
898 2
899 2
900 2
901 2
902 2
903 1
904 1
905 2
906 2
907 2
908 2
909 1
910 1
911 2
912 3
913 3
914 3
915 3
916 3
917 2
918 2
919 1
920 1
921 1
922 1
923 1
924 1
925 1
926 1
927 1
928 1
929 1
930 1
931 1
932 1
933 2
934 2
935 2
936 2
937 2
938 2
939 2
940 2
941 2
942 2
943 2
944 2
945 2
946 2
947 2
948 2
949 2
950 2
951 3
952 3
953 4
954 4
955 4
956 4
957 4
958 4
959 4
960 4
961 4
962 3
963 3
964 3
965 3
966 3
967 2
968 2
969 1
970 1
971 1
972 1
973 2
974 2
975 2
976 2
977 2
978 2
979 2
980 2
981 2
982 3
983 3
984 3
985 3
986 3
987 2
988 2
989 2
990 2
991 1
992 1
993 1
994 1
995 1
996 1
997 1
998 1
999 1
1000 0
1001 0
1002 0
1003 1
1004 1
1005 1
1006 1
1007 1
1008 1
1009 1
1010 1
1011 1
1012 1
1013 1
1014 1
1015 1
1016 1
1017 1
1018 1
1019 1
1020 1
1021 1
1022 1
1023 1
1024 1
1025 1
1026 1
1027 1
1028 1
1029 0
1030 0
1031 0
1032 1
1033 1
1034 1
1035 1
1036 1
1037 1
1038 1
1039 1
1040 1
1041 1
1042 2
1043 2
1044 2
1045 2
1046 2
1047 1
1048 1
1049 2
1050 2
1051 2
1052 2
1053 2
1054 1
1055 1
1056 2
1057 2
1058 2
1059 2
1060 2
1061 2
1062 2
1063 1
1064 1
1065 2
1066 2
1067 2
1068 1
1069 1
1070 1
1071 1
1072 1
1073 1
1074 1
1075 1
1076 1
1077 1
1078 1
1079 1
1080 1
1081 1
1082 1
1083 1
1084 1
1085 1
1086 1
1087 1
1088 1
1089 2
1090 2
1091 2
1092 2
1093 2
1094 3
1095 3
1096 3
1097 2
1098 2
1099 2
1100 2
1101 2
1102 1
1103 1
1104 1
1105 1
1106 1
1107 1
1108 1
1109 1
1110 1
1111 1
1112 1
1113 1
1114 1
1115 1
1116 1
1117 1
1118 1
1119 1
1120 1
1121 1
1122 1
1123 1
1124 1
1125 1
1126 1
1127 1
1128 1
1129 0
1130 0
1131 0
1132 1
1133 1
1134 1
1135 1
1136 1
1137 1
1138 1
1139 1
1140 1
1141 1
1142 1
1143 2
1144 2
1145 2
1146 2
1147 2
1148 1
1149 1
1150 2
1151 2
1152 2
1153 2
1154 2
1155 1
1156 1
1157 2
1158 2
1159 2
1160 2
1161 1
1162 1
1163 2
1164 2
1165 1
1166 1
1167 2
1168 2
1169 2
1170 1
1171 1
1172 1
1173 1
1174 1
1175 1
1176 1
1177 1
1178 1
1179 1
1180 1
1181 1
1182 1
1183 1
1184 1
1185 1
1186 1
1187 1
1188 1
1189 1
1190 1
1191 2
1192 2
1193 2
1194 2
1195 2
1196 3
1197 3
1198 3
1199 2
1200 2
1201 2
1202 2
1203 2
1204 2
1205 2
1206 2
1207 1
1208 1
1209 1
1210 1
1211 1
1212 1
1213 1
1214 1
1215 1
1216 2
1217 2
1218 2
1219 2
1220 2
1221 3
1222 3
1223 3
1224 2
1225 2
1226 2
1227 2
1228 2
1229 1
1230 1
1231 1
1232 1
1233 1
1234 1
1235 1
1236 1
1237 1
1238 1
1239 1
1240 1
1241 1
1242 1
1243 1
1244 1
1245 1
1246 1
1247 1
1248 0
1249 0
1250 0
1251 1
1252 1
1253 1
1254 1
1255 1
1256 1
1257 1
1258 1
1259 1
1260 1
1261 1
1262 1
1263 2
1264 2
1265 2
1266 2
1267 2
1268 1
1269 1
1270 1
1271 1
1272 2
1273 2
1274 2
1275 1
1276 1
1277 1
1278 1
1279 1
1280 1
1281 1
1282 1
1283 1
1284 1
1285 1
1286 1
1287 1
1288 1
1289 1
1290 1
1291 1
1292 1
1293 1
1294 1
1295 1
1296 1
1297 1
1298 1
1299 1
1300 1
1301 1
1302 1
1303 1
1304 1
1305 1
1306 1
1307 1
1308 1
1309 1
1310 1
1311 1
1312 1
1313 1
1314 1
1315 1
1316 1
1317 1
1318 1
1319 1
1320 1
1321 1
1322 1
1323 1
1324 0
1325 0
1326 0
1327 1
1328 1
1329 1
1330 1
1331 1
1332 1
1333 1
1334 1
1335 1
1336 1
1337 1
1338 1
1339 1
1340 1
1341 1
1342 2
1343 2
1344 2
1345 2
1346 2
1347 2
1348 2
1349 2
1350 1
1351 1
1352 1
1353 1
1354 1
1355 1
1356 1
1357 2
1358 2
1359 2
1360 1
1361 1
1362 2
1363 3
1364 3
1365 3
1366 2
1367 2
1368 2
1369 2
1370 2
1371 3
1372 3
1373 3
1374 2
1375 2
1376 2
1377 2
1378 2
1379 3
1380 3
1381 2
1382 3
1383 3
1384 2
1385 2
1386 3
1387 3
1388 3
1389 3
1390 3
1391 3
1392 3
1393 3
1394 3
1395 3
1396 2
1397 2
1398 2
1399 2
1400 1
1401 1
1402 1
1403 1
1404 1
1405 1
1406 1
1407 1
1408 1
1409 1
1410 1
1411 1
1412 1
1413 1
1414 1
1415 1
1416 1
1417 1
1418 1
1419 1
1420 1
1421 1
1422 1
1423 1
1424 1
1425 2
1426 2
1427 2
1428 3
1429 3
1430 3
1431 2
1432 2
1433 2
1434 2
1435 2
1436 2
1437 1
1438 1
1439 1
1440 1
1441 1
1442 1
1443 1
1444 1
1445 1
1446 1
1447 1
1448 1
1449 1
1450 1
1451 1
1452 1
1453 1
1454 1
1455 1
1456 2
1457 2
1458 2
1459 2
1460 2
1461 2
1462 2
1463 2
1464 2
1465 2
1466 2
1467 3
1468 3
1469 3
1470 2
1471 2
1472 2
1473 2
1474 2
1475 1
1476 1
1477 1
1478 1
1479 1
1480 1
1481 1
1482 3
1483 3
1484 3
1485 3
1486 3
1487 4
1488 4
1489 4
1490 3
1491 3
1492 3
1493 3
1494 3
1495 3
1496 3
1497 3
1498 3
1499 1
1500 1
1501 1
1502 1
1503 1
1504 1
1505 1
1506 1
1507 1
1508 1
1509 1
1510 1
1511 0
1512 0
1513 0
1514 1
1515 1
1516 1
1517 1
1518 1
1519 1
1520 1
1521 1
1522 1
1523 1
1524 1
1525 1
1526 1
1527 1
1528 1
1529 2
1530 2
1531 2
1532 2
1533 2
1534 2
1535 2
1536 1
1537 1
1538 1
1539 1
1540 1
1541 1
1542 2
1543 3
1544 3
1545 3
1546 2
1547 3
1548 3
1549 3
1550 2
1551 3
1552 3
1553 3
1554 3
1555 3
1556 3
1557 3
1558 3
1559 3
1560 2
1561 2
1562 2
1563 1
1564 1
1565 1
1566 1
1567 1
1568 1
1569 1
1570 1
1571 1
1572 1
1573 1
1574 1
1575 1
1576 1
1577 1
1578 1
1579 1
1580 1
1581 1
1582 1
1583 1
1584 1
1585 1
1586 1
1587 1
1588 1
1589 1
1590 1
1591 1
1592 1
1593 2
1594 2
1595 2
1596 2
1597 1
1598 1
1599 1
1600 1
1601 1
1602 1
1603 1
1604 1
1605 1
1606 1
1607 1
1608 1
1609 1
1610 2
1611 2
1612 2
1613 2
1614 2
1615 3
1616 3
1617 3
1618 2
1619 2
1620 2
1621 2
1622 2
1623 1
1624 1
1625 1
1626 1
1627 1
1628 1
1629 1
1630 1
1631 1
1632 1
1633 1
1634 1
1635 1
1636 1
1637 1
1638 1
1639 0
1640 0
1641 0
1642 1
1643 1
1644 1
1645 1
1646 1
1647 1
1648 1
1649 1
1650 1
1651 1
1652 1
1653 1
1654 1
1655 1
1656 1
1657 1
1658 1
1659 1
1660 1
1661 1
1662 1
1663 1
1664 1
1665 1
1666 2
1667 2
1668 2
1669 2
1670 1
1671 1
1672 1
1673 1
1674 1
1675 1
1676 1
1677 1
1678 1
1679 1
1680 1
1681 1
1682 2
1683 2
1684 2
1685 2
1686 2
1687 1
1688 1
1689 2
1690 3
1691 3
1692 3
1693 2
1694 2
1695 1
1696 1
1697 2
1698 3
1699 3
1700 3
1701 2
1702 2
1703 2
1704 2
1705 1
1706 1
1707 2
1708 3
1709 3
1710 3
1711 2
1712 2
1713 1
1714 1
1715 1
1716 1
1717 1
1718 1
1719 1
1720 1
1721 1
1722 1
1723 1
1724 1
1725 1
1726 1
1727 1
1728 1
1729 1
1730 1
1731 1
1732 1
1733 1
1734 1
1735 1
1736 1
1737 1
1738 1
1739 1
1740 1
1741 1
1742 1
1743 1
1744 1
1745 1
1746 1
1747 2
1748 2
1749 2
1750 2
1751 2
1752 2
1753 2
1754 2
1755 2
1756 2
1757 2
1758 2
1759 2
1760 2
1761 2
1762 2
1763 2
1764 2
1765 2
1766 2
1767 2
1768 1
1769 1
1770 1
1771 1
1772 1
1773 2
1774 2
1775 2
1776 2
1777 3
1778 3
1779 3
1780 3
1781 3
1782 3
1783 3
1784 3
1785 2
1786 2
1787 2
1788 1
1789 1
1790 1
1791 1
1792 1
1793 1
1794 1
1795 1
1796 1
1797 1
1798 1
1799 1
1800 1
1801 1
1802 1
1803 1
1804 2
1805 2
1806 2
1807 2
1808 2
1809 2
1810 2
1811 1
1812 1
1813 1
1814 1
1815 1
1816 1
1817 3
1818 3
1819 3
1820 3
1821 4
1822 4
1823 4
1824 4
1825 4
1826 4
1827 4
1828 4
1829 3
1830 3
1831 3
1832 3
1833 4
1834 4
1835 4
1836 4
1837 3
1838 4
1839 4
1840 4
1841 3
1842 3
1843 3
1844 3
1845 3
1846 3
1847 3
1848 3
1849 3
1850 3
1851 3
1852 3
1853 3
1854 1
1855 1
1856 1
1857 1
1858 1
1859 1
1860 1
1861 1
1862 1
1863 1
1864 1
1865 1
1866 1
1867 1
1868 1
1869 1
1870 1
1871 1
1872 1
1873 1
1874 1
1875 1
1876 1
1877 1
1878 1
1879 1
1880 1
1881 1
1882 1
1883 1
1884 1
1885 1
1886 1
1887 0
1888 0
1889 0
1890 1
1891 1
1892 1
1893 1
1894 1
1895 1
1896 1
1897 1
1898 1
1899 1
1900 1
1901 1
1902 2
1903 2
1904 2
1905 2
1906 2
1907 2
1908 2
1909 3
1910 4
1911 4
1912 4
1913 4
1914 4
1915 3
1916 2
1917 2
1918 2
1919 2
1920 1
1921 1
1922 1
1923 1
1924 1
1925 1
1926 1
1927 1
1928 1
1929 1
1930 1
1931 1
1932 1
1933 1
1934 1
1935 1
1936 1
1937 1
1938 1
1939 1
1940 1
1941 2
1942 2
1943 2
1944 2
1945 2
1946 2
1947 2
1948 2
1949 2
1950 2
1951 2
1952 3
1953 3
1954 3
1955 2
1956 2
1957 2
1958 2
1959 1
1960 1
1961 1
1962 1
1963 1
1964 2
1965 2
1966 2
1967 2
1968 2
1969 2
1970 3
1971 3
1972 3
1973 3
1974 3
1975 3
1976 3
1977 3
1978 3
1979 3
1980 3
1981 3
1982 3
1983 3
1984 3
1985 3
1986 3
1987 3
1988 3
1989 3
1990 3
1991 3
1992 3
1993 3
1994 3
1995 3
1996 3
1997 3
1998 3
1999 3
2000 2
2001 1
2002 1
2003 1
2004 1
2005 1
2006 1
2007 1
2008 1
2009 1
2010 1
2011 1
2012 0
2013 0
2014 0
2015 1
2016 1
2017 1
2018 1
2019 1
2020 1
2021 1
2022 2
2023 2
2024 3
2025 3
2026 2
2027 2
2028 1
2029 1
2030 2
2031 2
2032 3
2033 3
2034 2
2035 2
2036 1
2037 1
2038 1
2039 1
2040 1
2041 1
2042 1
2043 1
2044 1
2045 1
2046 1
2047 1
2048 2
2049 2
2050 2
2051 2
2052 2
2053 2
2054 2
2055 2
2056 2
2057 2
2058 2
2059 1
2060 1
2061 1
2062 1
2063 1
2064 1
2065 1
2066 2
2067 2
2068 2
2069 2
2070 2
2071 2
2072 2
2073 2
2074 2
2075 2
2076 1
2077 2
2078 2
2079 2
2080 2
2081 2
2082 2
2083 2
2084 2
2085 2
2086 2
2087 1
2088 2
2089 2
2090 2
2091 2
2092 2
2093 2
2094 2
2095 2
2096 2
2097 2
2098 2
2099 1
2100 2
2101 2
2102 2
2103 2
2104 2
2105 2
2106 2
2107 2
2108 1
2109 1
2110 2
2111 2
2112 2
2113 2
2114 2
2115 1
2116 1
2117 1
2118 1
2119 1
2120 1
2121 1
2122 1
2123 1
2124 0
2125 0
2126 0
2127 1
2128 1
2129 1
2130 1
2131 1
2132 1
2133 1
2134 1
2135 1
2136 1
2137 1
2138 1
2139 1
2140 1
2141 1
2142 2
2143 2
2144 2
2145 1
2146 1
2147 2
2148 2
2149 2
2150 1
2151 1
2152 1
2153 1
2154 1
2155 1
2156 1
2157 1
2158 1
2159 1
2160 1
2161 1
2162 1
2163 1
2164 1
2165 1
2166 1
2167 1
2168 1
2169 1
2170 1
2171 1
2172 1
2173 1
2174 1
2175 1
2176 1
2177 1
2178 1
2179 1
2180 1
2181 1
2182 1
2183 1
2184 1
2185 1
2186 1
2187 1
2188 1
2189 3
2190 3
2191 3
2192 3
2193 3
2194 3
2195 3
2196 4
2197 4
2198 4
2199 3
2200 3
2201 3
2202 3
2203 3
2204 3
2205 3
2206 3
2207 3
2208 3
2209 3
2210 3
2211 1
2212 1
2213 1
2214 1
2215 1
2216 1
2217 1
2218 1
2219 1
2220 1
2221 1
2222 1
2223 1
2224 1
2225 1
2226 1
2227 1
2228 1
2229 1
2230 1
2231 0
2232 0
2233 0
2234 1
2235 1
2236 1
2237 1
2238 1
2239 1
2240 1
2241 1
2242 1
2243 1
2244 1
2245 2
2246 2
2247 1
2248 1
2249 2
2250 2
2251 1
2252 1
2253 2
2254 2
2255 2
2256 2
2257 1
2258 1
2259 2
2260 2
2261 3
2262 3
2263 4
2264 4
2265 4
2266 4
2267 3
2268 3
2269 2
2270 2
2271 1
2272 1
2273 1
2274 1
2275 1
2276 1
2277 1
2278 1
2279 1
2280 1
2281 1
2282 1
2283 1
2284 1
2285 1
2286 1
2287 1
2288 1
2289 1
2290 1
2291 1
2292 1
2293 1
2294 1
2295 1
2296 1
2297 1
2298 1
2299 1
2300 1
2301 1
2302 1
2303 1
2304 1
2305 1
2306 1
2307 1
2308 1
2309 2
2310 2
2311 2
2312 2
2313 2
2314 2
2315 2
2316 2
2317 2
2318 2
2319 2
2320 3
2321 3
2322 3
2323 3
2324 2
2325 2
2326 2
2327 2
2328 2
2329 1
2330 1
2331 1
2332 1
2333 1
2334 1
2335 1
2336 2
2337 2
2338 2
2339 2
2340 1
2341 1
2342 1
2343 1
2344 1
2345 1
2346 1
2347 1
2348 1
2349 1
2350 1
2351 1
2352 1
2353 2
2354 2
2355 2
2356 2
2357 2
2358 2
2359 2
2360 1
2361 1
2362 1
2363 1
2364 1
2365 1
2366 1
2367 1
2368 1
2369 1
2370 1
2371 1
2372 1
2373 1
2374 1
2375 1
2376 1
2377 1
2378 1
2379 1
2380 1
2381 1
2382 1
2383 1
2384 1
2385 1
2386 0
2387 0
2388 1
2389 1
2390 1
2391 1
2392 1
2393 1
2394 1
2395 2
2396 2
2397 2
2398 2
2399 2
2400 2
2401 2
2402 2
2403 2
2404 2
2405 2
2406 2
2407 2
2408 2
2409 2
2410 1
2411 1
2412 1
2413 1
2414 1
2415 1
2416 1
2417 1
2418 1
2419 0
2420 0
2421 1
2422 1
2423 1
2424 1
2425 1
2426 1
2427 1
2428 1
2429 1
2430 2
2431 2
2432 2
2433 2
2434 2
2435 2
2436 2
2437 2
2438 2
2439 2
2440 2
2441 1
2442 1
2443 1
2444 1
2445 1
2446 1
2447 1
2448 1
2449 1
2450 0
2451 0
2452 1
2453 1
2454 1
2455 1
2456 1
2457 2
2458 2
2459 2
2460 2
2461 2
2462 2
2463 2
2464 2
2465 2
2466 2
2467 2
2468 2
2469 2
2470 2
2471 2
2472 2
2473 2
2474 2
2475 2
2476 2
2477 2
2478 2
2479 2
2480 2
2481 2
2482 3
2483 3
2484 3
2485 3
2486 3
2487 2
2488 2
2489 2
2490 2
2491 2
2492 2
2493 2
2494 3
2495 3
2496 3
2497 3
2498 3
2499 2
2500 2
2501 2
2502 2
2503 1
2504 1
2505 1
2506 1
2507 1
2508 0
2509 0
2510 1
2511 1
2512 1
2513 1
2514 1
2515 1
2516 1
2517 1
2518 1
2519 1
2520 1
2521 1
2522 1
2523 1
2524 1
2525 2
2526 3
2527 3
2528 3
2529 3
2530 3
2531 3
2532 3
2533 3
2534 3
2535 2
2536 1
2537 1
2538 1
2539 1
2540 1
2541 1
2542 1
2543 1
2544 1
2545 1
2546 1
2547 1
2548 1
2549 1
2550 1
2551 1
2552 1
2553 1
2554 1
2555 1
2556 1
2557 1
2558 1
2559 1
2560 1
2561 1
2562 1
2563 1
2564 1
2565 1
2566 1
2567 1
2568 1
2569 1
2570 1
2571 1
2572 1
2573 1
2574 1
2575 1
2576 1
2577 1
2578 1
2579 1
2580 1
2581 1
2582 1
2583 1
2584 1
2585 1
2586 1
2587 1
2588 1
2589 1
2590 1
2591 1
2592 1
2593 1
2594 2
2595 2
2596 2
2597 2
2598 2
2599 2
2600 2
2601 2
2602 2
2603 1
2604 1
2605 1
2606 1
2607 1
2608 1
2609 1
2610 1
2611 1
2612 3
2613 3
2614 3
2615 1
2616 1
2617 1
2618 1
2619 1
2620 1
2621 1
2622 1
2623 0
2624 0
2625 0
2626 1
2627 1
2628 1
2629 1
2630 1
2631 1
2632 1
2633 1
2634 1
2635 1
2636 1
2637 1
2638 1
2639 1
2640 1
2641 1
2642 1
2643 1
2644 1
2645 1
2646 1
2647 1
2648 1
2649 1
2650 1
2651 1
2652 1
2653 1
2654 1
2655 1
2656 1
2657 1
2658 2
2659 2
2660 2
2661 2
2662 2
2663 2
2664 2
2665 2
2666 2
2667 2
2668 2
2669 2
2670 2
2671 2
2672 2
2673 2
2674 2
2675 2
2676 2
2677 2
2678 2
2679 2
2680 1
2681 1
2682 1
2683 1
2684 1
2685 1
2686 1
2687 1
2688 1
2689 1
2690 1
2691 1
2692 1
2693 1
2694 1
2695 1
2696 1
2697 1
2698 1
2699 1
2700 1
2701 1
2702 1
2703 1
2704 1
2705 1
2706 1
2707 1
2708 1
2709 1
2710 1
2711 1
2712 1
2713 1
2714 1
2715 1
2716 1
2717 1
2718 1
2719 1
2720 1
2721 1
2722 1
2723 1
2724 1
2725 1
2726 1
2727 1
2728 1
2729 1
2730 2
2731 2
2732 2
2733 2
2734 2
2735 1
2736 1
2737 1
2738 1
2739 1
2740 1
2741 1
2742 1
2743 1
2744 1
2745 1
2746 1
2747 1
2748 1
2749 1
2750 1
2751 1
2752 1
2753 1
2754 1
2755 1
2756 1
2757 1
2758 1
2759 1
2760 1
2761 1
2762 1
2763 1
2764 1
2765 1
2766 1
2767 1
2768 1
2769 1
2770 1
2771 1
2772 1
2773 1
2774 1
2775 1
2776 1
2777 1
2778 1
2779 1
2780 1
2781 1
2782 1
2783 1
2784 1
2785 2
2786 2
2787 3
2788 3
2789 3
2790 2
2791 1
2792 1
2793 2
2794 2
2795 3
2796 3
2797 3
2798 3
2799 3
2800 3
2801 3
2802 3
2803 4
2804 4
2805 4
2806 3
2807 2
2808 2
2809 3
2810 3
2811 3
2812 3
2813 3
2814 3
2815 2
2816 2
2817 1
2818 1
2819 1
2820 2
2821 2
2822 3
2823 4
2824 4
2825 5
2826 5
2827 5
2828 6
2829 6
2830 5
2831 4
2832 3
2833 2
2834 2
2835 1
2836 1
2837 2
2838 2
2839 2
2840 2
2841 2
2842 2
2843 2
2844 2
2845 1
2846 1
2847 1
2848 1
2849 1
2850 2
2851 2
2852 3
2853 3
2854 3
2855 3
2856 3
2857 2
2858 2
2859 1
2860 1
2861 2
2862 2
2863 1
2864 1
2865 2
2866 2
2867 3
2868 3
2869 3
2870 3
2871 3
2872 4
2873 4
2874 3
2875 3
2876 3
2877 4
2878 4
2879 3
2880 3
2881 3
2882 4
2883 4
2884 4
2885 3
2886 2
2887 2
2888 1
2889 1
2890 2
2891 2
2892 1
2893 1
2894 2
2895 2
2896 2
2897 1
2898 1
2899 2
2900 2
2901 2
2902 2
2903 2
2904 2
2905 3
2906 3
2907 3
2908 2
2909 2
2910 2
2911 2
2912 2
2913 2
2914 2
2915 2
2916 2
2917 2
2918 1
2919 1
2920 2
2921 2
2922 2
2923 2
2924 2
2925 3
2926 3
2927 3
2928 3
2929 3
2930 3
2931 3
2932 4
2933 5
2934 5
2935 5
2936 5
2937 5
2938 4
2939 3
2940 2
2941 2
2942 2
2943 2
2944 1
2945 1
2946 2
2947 2
2948 2
2949 3
2950 3
2951 3
2952 3
2953 3
2954 2
2955 2
2956 1
2957 1
2958 2
2959 2
2960 2
2961 2
2962 2
2963 1
2964 1
2965 1
2966 1
2967 2
2968 2
2969 2
2970 1
2971 1
2972 2
2973 2
2974 2
2975 2
2976 2
2977 1
2978 1
2979 2
2980 2
2981 2
2982 1
2983 1
2984 2
2985 2
2986 2
2987 3
2988 3
2989 3
2990 3
2991 2
2992 2
2993 2
2994 2
2995 1
2996 1
2997 1
2998 1
2999 1
3000 1
3001 1
3002 2
3003 2
3004 1
3005 1
3006 2
3007 2
3008 2
3009 2
3010 1
3011 1
3012 2
3013 2
3014 2
3015 2
3016 2
3017 2
3018 1
3019 1
3020 1
3021 1
3022 2
3023 3
3024 4
3025 4
3026 4
3027 5
3028 5
3029 5
3030 4
3031 4
3032 3
3033 2
3034 1
3035 2
3036 4
3037 4
3038 4
3039 4
3040 2
3041 1
3042 2
3043 2
3044 2
3045 1
3046 1
3047 1
3048 1
3049 2
3050 3
3051 4
3052 4
3053 4
3054 4
3055 3
3056 3
3057 2
3058 2
3059 1
3060 1
3061 1
3062 2
3063 4
3064 4
3065 4
3066 2
3067 1
3068 2
3069 4
3070 4
3071 4
3072 2
3073 1
3074 1
3075 1
3076 2
3077 2
3078 2
3079 2
3080 2
3081 1
3082 1
3083 2
3084 2
3085 2
3086 2
3087 3
3088 3
3089 2
3090 2
3091 1
3092 1
3093 1
3094 2
3095 2
3096 2
3097 3
3098 3
3099 3
3100 3
3101 3
3102 3
3103 4
3104 4
3105 4
3106 4
3107 4
3108 4
3109 4
3110 4
3111 4
3112 4
3113 4
3114 4
3115 4
3116 4
3117 4
3118 4
3119 4
3120 4
3121 4
3122 4
3123 4
3124 4
3125 4
3126 4
3127 4
3128 4
3129 4
3130 4
3131 6
3132 7
3133 7
3134 7
3135 7
3136 7
3137 6
3138 4
3139 4
3140 4
3141 4
3142 4
3143 4
3144 4
3145 3
3146 2
3147 1
3148 1
3149 2
3150 3
3151 3
3152 3
3153 3
3154 3
3155 3
3156 3
3157 3
3158 3
3159 3
3160 3
3161 3
3162 2
3163 1
3164 2
3165 3
3166 3
3167 3
3168 3
3169 2
3170 3
3171 3
3172 3
3173 2
3174 2
3175 2
3176 2
3177 3
3178 3
3179 2
3180 3
3181 3
3182 2
3183 2
3184 2
3185 3
3186 3
3187 3
3188 3
3189 2
3190 1
3191 2
3192 3
3193 3
3194 3
3195 3
3196 2
3197 2
3198 2
3199 1
3200 1
3201 1
3202 2
3203 2
3204 1
3205 1
3206 2
3207 2
3208 2
3209 2
3210 1
3211 1
3212 1
3213 2
3214 2
3215 2
3216 2
3217 1
3218 1
3219 2
3220 2
3221 2
3222 2
3223 1
3224 1
3225 1
3226 2
3227 2
3228 3
3229 3
3230 3
3231 3
3232 3
3233 3
3234 3
3235 3
3236 3
3237 3
3238 3
3239 3
3240 2
3241 2
3242 2
3243 1
3244 1
3245 2
3246 3
3247 3
3248 3
3249 3
3250 3
3251 3
3252 3
3253 3
3254 3
3255 4
3256 4
3257 4
3258 4
3259 4
3260 4
3261 4
3262 3
3263 2
3264 2
3265 2
3266 1
3267 1
3268 2
3269 3
3270 3
3271 3
3272 3
3273 3
3274 3
3275 3
3276 3
3277 3
3278 2
3279 2
3280 2
3281 1
3282 1
3283 2
3284 3
3285 4
3286 4
3287 4
3288 3
3289 3
3290 2
3291 2
3292 1
3293 1
3294 2
3295 2
3296 2
3297 2
3298 3
3299 3
3300 3
3301 3
3302 3
3303 3
3304 3
3305 3
3306 3
3307 3
3308 3
3309 3
3310 4
3311 4
3312 4
3313 4
3314 4
3315 3
3316 3
3317 3
3318 3
3319 3
3320 3
3321 3
3322 3
3323 3
3324 2
3325 2
3326 3
3327 4
3328 4
3329 4
3330 4
3331 4
3332 4
3333 4
3334 4
3335 4
3336 3
3337 3
3338 3
3339 2
3340 1
3341 1
3342 2
3343 2
3344 3
3345 3
3346 3
3347 3
3348 2
3349 1
3350 1
3351 1
3352 1
3353 1
3354 2
3355 2
3356 2
3357 1
3358 1
3359 2
3360 3
3361 4
3362 4
3363 4
3364 4
3365 4
3366 4
3367 4
3368 4
3369 4
3370 3
3371 3
3372 3
3373 2
3374 2
3375 2
3376 1
3377 1
3378 2
3379 3
3380 3
3381 3
3382 2
3383 2
3384 2
3385 3
3386 3
3387 3
3388 3
3389 3
3390 3
3391 3
3392 3
3393 3
3394 3
3395 2
3396 1
3397 1
3398 1
3399 1
3400 1
3401 1
3402 2
3403 2
3404 2
3405 2
3406 2
3407 2
3408 2
3409 2
3410 2
3411 3
3412 3
3413 3
3414 3
3415 3
3416 3
3417 3
3418 3
3419 3
3420 3
3421 3
3422 3
3423 3
3424 3
3425 3
3426 3
3427 4
3428 4
3429 4
3430 4
3431 4
3432 4
3433 3
3434 3
3435 4
3436 4
3437 4
3438 4
3439 4
3440 4
3441 3
3442 3
3443 3
3444 2
3445 1
3446 1
3447 1
3448 1
3449 1
3450 1
3451 2
3452 2
3453 2
3454 2
3455 2
3456 2
3457 2
3458 2
3459 2
3460 2
3461 2
3462 2
3463 2
3464 2
3465 1
3466 1
3467 1
3468 1
3469 1
3470 1
3471 1
3472 1
3473 1
3474 1
3475 1
3476 1
3477 1
3478 1
3479 1
3480 1
3481 1
3482 1
3483 1
3484 1
3485 1
3486 1
3487 2
3488 2
3489 1
3490 1
3491 1
3492 1
3493 1
3494 1
3495 1
3496 1
3497 1
3498 1
3499 1
3500 2
3501 2
3502 1
3503 1
3504 1
3505 1
3506 1
3507 1
3508 1
3509 1
3510 1
3511 1
3512 1
3513 1
3514 1
3515 1
3516 1
3517 1
3518 1
3519 1
3520 1
3521 1
3522 1
3523 1
3524 1
3525 1
3526 1
3527 1
3528 1
3529 1
3530 1
3531 1
3532 1
3533 1
3534 1
3535 2
3536 2
3537 2
3538 2
3539 2
3540 2
3541 3
3542 3
3543 3
3544 2
3545 2
3546 2
3547 2
3548 2
3549 2
3550 2
3551 2
3552 1
3553 1
3554 1
3555 1
3556 1
3557 1
3558 1
3559 1
3560 1
3561 1
3562 1
3563 1
3564 1
3565 1
3566 1
3567 1
3568 1
3569 1
3570 1
3571 1
3572 1
3573 1
3574 1
3575 1
3576 3
3577 3
3578 3
3579 3
3580 3
3581 3
3582 3
3583 3
3584 3
3585 3
3586 3
3587 3
3588 3
3589 3
3590 4
3591 4
3592 4
3593 3
3594 3
3595 3
3596 3
3597 3
3598 3
3599 3
3600 3
3601 3
3602 4
3603 4
3604 4
3605 4
3606 3
3607 3
3608 3
3609 3
3610 3
3611 3
3612 3
3613 3
3614 3
3615 3
3616 3
3617 3
3618 3
3619 3
3620 4
3621 4
3622 4
3623 4
3624 4
3625 4
3626 4
3627 4
3628 4
3629 4
3630 4
3631 4
3632 4
3633 4
3634 4
3635 3
3636 3
3637 3
3638 3
3639 3
3640 3
3641 3
3642 3
3643 3
3644 3
3645 3
3646 3
3647 3
3648 3
3649 3
3650 3
3651 3
3652 3
3653 3
3654 4
3655 4
3656 4
3657 4
3658 4
3659 4
3660 4
3661 4
3662 3
3663 3
3664 3
3665 3
3666 3
3667 3
3668 3
3669 3
3670 3
3671 3
3672 1
3673 1
3674 1
3675 1
3676 1
3677 1
3678 1
3679 1
3680 1
3681 1
3682 1
3683 1
3684 1
3685 1
3686 1
3687 1
3688 1
3689 2
3690 2
3691 1
3692 1
3693 1
3694 1
3695 1
3696 1
3697 1
3698 1
3699 1
3700 1
3701 1
3702 1
3703 1
3704 1
3705 1
3706 1
3707 1
3708 1
3709 1
3710 1
3711 2
3712 2
3713 2
3714 2
3715 2
3716 2
3717 2
3718 2
3719 2
3720 2
3721 2
3722 2
3723 2
3724 2
3725 2
3726 2
3727 2
3728 2
3729 2
3730 2
3731 2
3732 2
3733 2
3734 1
3735 1
3736 1
3737 1
3738 1
3739 1
3740 1
3741 1
3742 1
3743 2
3744 2
3745 3
3746 3
3747 3
3748 3
3749 3
3750 3
3751 2
3752 3
3753 3
3754 3
3755 3
3756 3
3757 3
3758 3
3759 3
3760 3
3761 3
3762 3
3763 3
3764 3
3765 3
3766 3
3767 3
3768 3
3769 3
3770 3
3771 4
3772 4
3773 4
3774 4
3775 4
3776 6
3777 7
3778 7
3779 7
3780 7
3781 7
3782 7
3783 7
3784 7
3785 7
3786 7
3787 7
3788 7
3789 7
3790 6
3791 4
3792 4
3793 4
3794 4
3795 3
3796 3
3797 3
3798 3
3799 3
3800 1
3801 1
3802 1
3803 1
3804 1
3805 1
3806 1
3807 1
3808 1
3809 1
3810 1
3811 1
3812 1
3813 1
3814 1
3815 1
3816 1
3817 1
3818 1
3819 1
3820 1
3821 1
3822 1
3823 1
3824 1
3825 1
3826 1
3827 1
3828 1
3829 1
3830 1
3831 1
3832 1
3833 1
3834 1
3835 1
3836 1
3837 1
3838 1
3839 1
3840 1
3841 1
3842 1
3843 1
3844 1
3845 1
3846 1
3847 1
3848 1
3849 1
3850 1
3851 1
3852 1
3853 1
3854 2
3855 2
3856 2
3857 4
3858 4
3859 4
3860 4
3861 4
3862 4
3863 4
3864 4
3865 5
3866 5
3867 5
3868 5
3869 5
3870 5
3871 5
3872 5
3873 5
3874 5
3875 5
3876 5
3877 5
3878 5
3879 5
3880 5
3881 5
3882 5
3883 5
3884 5
3885 5
3886 5
3887 5
3888 5
3889 5
3890 5
3891 5
3892 5
3893 5
3894 5
3895 5
3896 5
3897 5
3898 5
3899 5
3900 5
3901 5
3902 5
3903 5
3904 5
3905 5
3906 5
3907 5
3908 5
3909 5
3910 5
3911 5
3912 5
3913 5
3914 5
3915 5
3916 5
3917 5
3918 5
3919 5
3920 5
3921 5
3922 5
3923 5
3924 5
3925 5
3926 5
3927 5
3928 5
3929 5
3930 5
3931 5
3932 5
3933 5
3934 5
3935 5
3936 5
3937 5
3938 5
3939 5
3940 5
3941 5
3942 5
3943 5
3944 5
3945 5
3946 5
3947 5
3948 5
3949 5
3950 5
3951 5
3952 5
3953 5
3954 5
3955 5
3956 5
3957 5
3958 5
3959 5
3960 5
3961 5
3962 5
3963 5
3964 5
3965 5
3966 5
3967 5
3968 5
3969 5
3970 5
3971 5
3972 5
3973 5
3974 5
3975 5
3976 5
3977 5
3978 5
3979 5
3980 5
3981 5
3982 5
3983 5
3984 5
3985 5
3986 5
3987 5
3988 5
3989 5
3990 5
3991 5
3992 5
3993 5
3994 5
3995 5
3996 5
3997 5
3998 5
3999 5
4000 5
4001 5
4002 5
4003 5
4004 5
4005 5
4006 5
4007 5
4008 6
4009 6
4010 5
4011 5
4012 5
4013 5
4014 5
4015 5
4016 5
4017 5
4018 5
4019 5
4020 5
4021 5
4022 5
4023 5
4024 5
4025 5
4026 5
4027 5
4028 5
4029 5
4030 5
4031 5
4032 5
4033 5
4034 5
4035 5
4036 5
4037 5
4038 5
4039 5
4040 5
4041 5
4042 5
4043 5
4044 5
4045 5
4046 5
4047 5
4048 5
4049 5
4050 5
4051 5
4052 5
4053 5
4054 5
4055 5
4056 5
4057 5
4058 5
4059 5
4060 5
4061 5
4062 5
4063 5
4064 5
4065 5
4066 5
4067 5
4068 5
4069 5
4070 5
4071 5
4072 5
4073 5
4074 5
4075 5
4076 5
4077 5
4078 5
4079 5
4080 5
4081 5
4082 5
4083 5
4084 5
4085 5
4086 5
4087 5
4088 5
4089 5
4090 5
4091 5
4092 5
4093 5
4094 5
4095 5
4096 5
4097 5
4098 5
4099 5
4100 5
4101 5
4102 5
4103 5
4104 5
4105 5
4106 5
4107 5
4108 5
4109 5
4110 5
4111 5
4112 5
4113 5
4114 5
4115 5
4116 5
4117 5
4118 5
4119 5
4120 5
4121 5
4122 5
4123 5
4124 5
4125 5
4126 5
4127 5
4128 5
4129 5
4130 5
4131 5
4132 5
4133 5
4134 5
4135 5
4136 5
4137 5
4138 5
4139 5
4140 5
4141 5
4142 5
4143 5
4144 5
4145 6
4146 6
4147 5
4148 5
4149 5
4150 5
4151 5
4152 5
4153 5
4154 5
4155 5
4156 5
4157 5
4158 5
4159 6
4160 6
4161 6
4162 6
4163 6
4164 6
4165 6
4166 6
4167 6
4168 6
4169 6
4170 6
4171 6
4172 5
4173 5
4174 5
4175 5
4176 5
4177 5
4178 5
4179 5
4180 5
4181 5
4182 4
4183 4
4184 4
4185 4
4186 4
4187 4
4188 4
4189 4
4190 4
4191 5
4192 5
4193 5
4194 5
4195 4
4196 4
4197 4
4198 4
4199 4
4200 4
4201 4
4202 4
4203 4
4204 4
4205 4
4206 4
4207 4
4208 4
4209 5
4210 5
4211 5
4212 5
4213 5
4214 5
4215 5
4216 5
4217 5
4218 5
4219 6
4220 6
4221 6
4222 6
4223 6
4224 6
4225 6
4226 6
4227 6
4228 6
4229 6
4230 5
4231 5
4232 5
4233 5
4234 4
4235 4
4236 4
4237 4
4238 4
4239 4
4240 4
4241 4
4242 4
4243 4
4244 4
4245 4
4246 6
4247 7
4248 7
4249 7
4250 7
4251 7
4252 7
4253 7
4254 7
4255 7
4256 7
4257 7
4258 7
4259 6
4260 4
4261 4
4262 5
4263 5
4264 5
4265 5
4266 4
4267 4
4268 4
4269 4
4270 4
4271 2
4272 2
4273 2
4274 1
4275 1
4276 1
4277 1
4278 2
4279 2
4280 2
4281 2
4282 2
4283 2
4284 2
4285 2
4286 2
4287 3
4288 3
4289 3
4290 2
4291 2
4292 2
4293 2
4294 2
4295 1
4296 1
4297 1
4298 1
4299 2
4300 2
4301 2
4302 2
4303 2
4304 2
4305 2
4306 2
4307 2
4308 2
4309 2
4310 2
4311 2
4312 2
4313 2
4314 2
4315 2
4316 2
4317 2
4318 2
4319 1
4320 1
4321 1
4322 1
4323 1
4324 2
4325 2
4326 2
4327 2
4328 2
4329 2
4330 2
4331 2
4332 2
4333 2
4334 2
4335 2
4336 2
4337 2
4338 2
4339 3
4340 4
4341 4
4342 4
4343 4
4344 4
4345 4
4346 4
4347 4
4348 4
4349 3
4350 4
4351 4
4352 4
4353 4
4354 4
4355 4
4356 4
4357 4
4358 3
4359 4
4360 4
4361 4
4362 4
4363 3
4364 4
4365 4
4366 4
4367 4
4368 4
4369 4
4370 4
4371 4
4372 3
4373 4
4374 4
4375 4
4376 4
4377 4
4378 4
4379 4
4380 3
4381 2
4382 2
4383 2
4384 2
4385 2
4386 2
4387 2
4388 2
4389 2
4390 3
4391 3
4392 3
4393 3
4394 3
4395 3
4396 3
4397 3
4398 3
4399 3
4400 3
4401 3
4402 3
4403 3
4404 3
4405 3
4406 3
4407 3
4408 2
4409 2
4410 2
4411 2
4412 3
4413 3
4414 3
4415 3
4416 3
4417 3
4418 3
4419 3
4420 3
4421 5
4422 5
4423 5
4424 5
4425 5
4426 5
4427 5
4428 5
4429 6
4430 6
4431 6
4432 6
4433 6
4434 6
4435 5
4436 5
4437 5
4438 6
4439 6
4440 6
4441 6
4442 6
4443 8
4444 8
4445 8
4446 8
4447 6
4448 6
4449 5
4450 5
4451 5
4452 6
4453 6
4454 6
4455 6
4456 5
4457 5
4458 5
4459 5
4460 5
4461 5
4462 5
4463 5
4464 6
4465 6
4466 6
4467 6
4468 6
4469 6
4470 6
4471 6
4472 7
4473 7
4474 6
4475 6
4476 6
4477 6
4478 6
4479 6
4480 6
4481 6
4482 7
4483 7
4484 7
4485 7
4486 7
4487 6
4488 6
4489 6
4490 6
4491 7
4492 7
4493 6
4494 6
4495 6
4496 6
4497 6
4498 6
4499 6
4500 6
4501 5
4502 5
4503 5
4504 6
4505 6
4506 6
4507 6
4508 6
4509 6
4510 6
4511 6
4512 6
4513 6
4514 6
4515 6
4516 6
4517 6
4518 6
4519 6
4520 6
4521 6
4522 6
4523 6
4524 7
4525 7
4526 7
4527 8
4528 8
4529 8
4530 8
4531 8
4532 8
4533 7
4534 7
4535 7
4536 7
4537 7
4538 7
4539 7
4540 7
4541 6
4542 6
4543 6
4544 7
4545 7
4546 7
4547 7
4548 9
4549 9
4550 9
4551 9
4552 9
4553 9
4554 9
4555 7
4556 7
4557 7
4558 6
4559 6
4560 5
4561 5
4562 6
4563 6
4564 6
4565 6
4566 5
4567 5
4568 5
4569 6
4570 6
4571 6
4572 6
4573 6
4574 6
4575 6
4576 6
4577 5
4578 5
4579 6
4580 6
4581 6
4582 6
4583 6
4584 6
4585 6
4586 6
4587 6
4588 6
4589 5
4590 5
4591 6
4592 6
4593 6
4594 6
4595 6
4596 6
4597 6
4598 6
4599 6
4600 6
4601 6
4602 6
4603 6
4604 6
4605 6
4606 5
4607 5
4608 5
4609 6
4610 6
4611 6
4612 6
4613 6
4614 6
4615 6
4616 6
4617 6
4618 6
4619 6
4620 7
4621 7
4622 7
4623 7
4624 7
4625 7
4626 7
4627 7
4628 8
4629 8
4630 8
4631 8
4632 7
4633 7
4634 6
4635 6
4636 5
4637 5
4638 5
4639 6
4640 6
4641 6
4642 6
4643 6
4644 6
4645 6
4646 6
4647 6
4648 6
4649 6
4650 6
4651 6
4652 7
4653 7
4654 7
4655 7
4656 6
4657 7
4658 7
4659 7
4660 7
4661 6
4662 6
4663 6
4664 6
4665 6
4666 6
4667 6
4668 6
4669 6
4670 6
4671 6
4672 7
4673 7
4674 7
4675 7
4676 7
4677 7
4678 7
4679 6
4680 7
4681 7
4682 7
4683 7
4684 6
4685 6
4686 6
4687 5
4688 5
4689 5
4690 6
4691 6
4692 6
4693 6
4694 6
4695 6
4696 6
4697 6
4698 6
4699 6
4700 6
4701 6
4702 6
4703 6
4704 6
4705 6
4706 6
4707 6
4708 6
4709 6
4710 6
4711 6
4712 6
4713 6
4714 6
4715 6
4716 6
4717 6
4718 7
4719 7
4720 7
4721 7
4722 6
4723 6
4724 6
4725 6
4726 6
4727 6
4728 6
4729 6
4730 7
4731 7
4732 7
4733 7
4734 7
4735 7
4736 7
4737 7
4738 7
4739 7
4740 7
4741 7
4742 7
4743 7
4744 7
4745 7
4746 7
4747 6
4748 6
4749 5
4750 5
4751 5
4752 6
4753 6
4754 6
4755 6
4756 6
4757 6
4758 6
4759 6
4760 6
4761 6
4762 6
4763 6
4764 6
4765 6
4766 6
4767 6
4768 6
4769 6
4770 6
4771 6
4772 6
4773 6
4774 5
4775 5
4776 5
4777 6
4778 6
4779 6
4780 6
4781 6
4782 6
4783 6
4784 6
4785 6
4786 6
4787 6
4788 6
4789 6
4790 8
4791 8
4792 6
4793 6
4794 6
4795 7
4796 7
4797 7
4798 7
4799 7
4800 6
4801 6
4802 5
4803 5
4804 5
4805 6
4806 6
4807 6
4808 7
4809 7
4810 7
4811 7
4812 6
4813 6
4814 6
4815 6
4816 6
4817 6
4818 5
4819 5
4820 5
4821 6
4822 6
4823 6
4824 6
4825 6
4826 6
4827 6
4828 6
4829 6
4830 6
4831 6
4832 6
4833 6
4834 6
4835 6
4836 6
4837 8
4838 9
4839 9
4840 9
4841 9
4842 9
4843 9
4844 9
4845 9
4846 9
4847 9
4848 9
4849 8
4850 6
4851 6
4852 6
4853 6
4854 6
4855 6
4856 5
4857 5
4858 5
4859 6
4860 6
4861 6
4862 6
4863 6
4864 6
4865 6
4866 6
4867 5
4868 5
4869 5
4870 6
4871 6
4872 6
4873 5
4874 6
4875 6
4876 6
4877 6
4878 6
4879 6
4880 6
4881 5
4882 6
4883 6
4884 6
4885 6
4886 6
4887 6
4888 6
4889 5
4890 5
4891 5
4892 5
4893 5
4894 5
4895 5
4896 5
4897 6
4898 6
4899 6
4900 6
4901 7
4902 7
4903 7
4904 7
4905 6
4906 6
4907 6
4908 6
4909 7
4910 7
4911 6
4912 6
4913 6
4914 5
4915 5
4916 5
4917 5
4918 5
4919 5
4920 5
4921 5
4922 5
4923 5
4924 5
4925 5
4926 5
4927 5
4928 5
4929 5
4930 5
4931 5
4932 5
4933 5
4934 5
4935 5
4936 5
4937 5
4938 5
4939 5
4940 5
4941 6
4942 6
4943 6
4944 5
4945 6
4946 6
4947 6
4948 6
4949 6
4950 8
4951 9
4952 9
4953 9
4954 9
4955 9
4956 9
4957 9
4958 9
4959 9
4960 9
4961 9
4962 8
4963 6
4964 6
4965 6
4966 6
4967 6
4968 6
4969 6
4970 6
4971 5
4972 6
4973 6
4974 6
4975 6
4976 6
4977 6
4978 6
4979 6
4980 6
4981 6
4982 6
4983 6
4984 6
4985 6
4986 5
4987 5
4988 5
4989 5
4990 6
4991 6
4992 6
4993 6
4994 5
4995 5
4996 5
4997 5
4998 3
4999 3
5000 3
5001 2
5002 2
5003 2
5004 2
5005 2
5006 2
5007 2
5008 3
5009 3
5010 3
5011 3
5012 3
5013 3
5014 3
5015 3
5016 3
5017 3
5018 3
5019 3
5020 3
5021 3
5022 3
5023 3
5024 3
5025 3
5026 3
5027 3
5028 3
5029 3
5030 3
5031 3
5032 3
5033 3
5034 3
5035 3
5036 3
5037 3
5038 3
5039 3
5040 3
5041 3
5042 3
5043 3
5044 3
5045 3
5046 3
5047 3
5048 4
5049 4
5050 5
5051 5
5052 5
5053 5
5054 4
5055 4
5056 4
5057 3
5058 3
5059 3
5060 3
5061 3
5062 3
5063 3
5064 3
5065 3
5066 3
5067 3
5068 3
5069 3
5070 3
5071 3
5072 3
5073 3
5074 3
5075 3
5076 3
5077 3
5078 3
5079 3
5080 3
5081 3
5082 3
5083 3
5084 3
5085 3
5086 3
5087 3
5088 3
5089 3
5090 3
5091 3
5092 3
5093 3
5094 3
5095 3
5096 4
5097 4
5098 4
5099 4
5100 4
5101 4
5102 4
5103 4
5104 3
5105 3
5106 3
5107 3
5108 3
5109 3
5110 3
5111 4
5112 4
5113 4
5114 3
5115 3
5116 3
5117 3
5118 3
5119 3
5120 3
5121 3
5122 3
5123 3
5124 3
5125 3
5126 3
5127 3
5128 2
5129 2
5130 2
5131 2
5132 2
5133 2
5134 2
5135 2
5136 2
5137 2
5138 2
5139 2
5140 2
5141 2
5142 2
5143 2
5144 2
5145 2
5146 2
5147 2
5148 2
5149 2
5150 2
5151 2
5152 2
5153 2
5154 2
5155 2
5156 2
5157 2
5158 2
5159 2
5160 2
5161 2
5162 2
5163 2
5164 2
5165 2
5166 2
5167 2
5168 2
5169 2
5170 2
5171 2
5172 2
5173 2
5174 2
5175 2
5176 2
5177 2
5178 2
5179 2
5180 2
5181 2
5182 2
5183 2
5184 2
5185 2
5186 2
5187 2
5188 2
5189 2
5190 2
5191 2
5192 2
5193 2
5194 2
5195 2
5196 2
5197 2
5198 2
5199 2
5200 2
5201 2
5202 2
5203 2
5204 2
5205 2
5206 3
5207 3
5208 3
5209 3
5210 3
5211 3
5212 3
5213 3
5214 3
5215 3
5216 3
5217 3
5218 3
5219 3
5220 3
5221 3
5222 3
5223 3
5224 3
5225 3
5226 3
5227 3
5228 3
5229 3
5230 3
5231 3
5232 3
5233 2
5234 2
5235 2
5236 2
5237 2
5238 2
5239 2
5240 2
5241 2
5242 2
5243 2
5244 2
5245 2
5246 2
5247 2
5248 2
5249 2
5250 2
5251 2
5252 2
5253 3
5254 3
5255 3
5256 3
5257 3
5258 3
5259 3
5260 3
5261 3
5262 3
5263 3
5264 3
5265 3
5266 3
5267 2
5268 2
5269 2
5270 2
5271 2
5272 2
5273 2
5274 2
5275 2
5276 2
5277 2
5278 2
5279 2
5280 2
5281 2
5282 2
5283 2
5284 2
5285 2
5286 2
5287 2
5288 2
5289 2
5290 2
5291 2
5292 2
5293 2
5294 2
5295 2
5296 2
5297 2
5298 2
5299 2
5300 2
5301 2
5302 2
5303 2
5304 2
5305 2
5306 2
5307 2
5308 2
5309 2
5310 2
5311 2
5312 2
5313 2
5314 2
5315 2
5316 2
5317 2
5318 2
5319 2
5320 2
5321 2
5322 2
5323 2
5324 2
5325 2
5326 2
5327 2
5328 2
5329 4
5330 4
5331 4
5332 4
5333 2
5334 2
5335 2
5336 2
5337 2
5338 2
5339 2
5340 2
5341 3
5342 3
5343 3
5344 3
5345 3
5346 3
5347 3
5348 3
5349 3
5350 2
5351 2
5352 2
5353 2
5354 2
5355 2
5356 2
5357 2
5358 2
5359 2
5360 2
5361 2
5362 2
5363 2
5364 2
5365 2
5366 2
5367 2
5368 2
5369 2
5370 2
5371 2
5372 2
5373 2
5374 2
5375 2
5376 2
5377 2
5378 2
5379 2
5380 2
5381 2
5382 2
5383 2
5384 2
5385 2
5386 2
5387 2
5388 2
5389 2
5390 2
5391 2
5392 2
5393 2
5394 2
5395 2
5396 2
5397 2
5398 2
5399 2
5400 2
5401 2
5402 2
5403 2
5404 2
5405 2
5406 2
5407 2
5408 2
5409 2
5410 2
5411 2
5412 2
5413 2
5414 2
5415 2
5416 2
5417 2
5418 2
5419 2
5420 2
5421 2
5422 2
5423 2
5424 2
5425 2
5426 2
5427 2
5428 2
5429 2
5430 2
5431 2
5432 2
5433 2
5434 2
5435 2
5436 2
5437 2
5438 2
5439 2
5440 2
5441 2
5442 2
5443 2
5444 2
5445 2
5446 2
5447 2
5448 2
5449 2
5450 2
5451 2
5452 2
5453 2
5454 2
5455 2
5456 3
5457 3
5458 3
5459 3
5460 3
5461 3
5462 2
5463 2
5464 2
5465 2
5466 2
5467 2
5468 2
5469 2
5470 2
5471 2
5472 2
5473 2
5474 2
5475 2
5476 2
5477 2
5478 3
5479 3
5480 3
5481 3
5482 3
5483 3
5484 3
5485 3
5486 3
5487 3
5488 3
5489 3
5490 2
5491 2
5492 2
5493 2
5494 2
5495 2
5496 2
5497 2
5498 2
5499 2
5500 2
5501 2
5502 2
5503 2
5504 3
5505 3
5506 3
5507 3
5508 3
5509 3
5510 3
5511 3
5512 4
5513 3
5514 3
5515 3
5516 3
5517 3
5518 3
5519 3
5520 3
5521 3
5522 3
5523 3
5524 3
5525 3
5526 3
5527 2
5528 2
5529 2
5530 2
5531 2
5532 2
5533 2
5534 2
5535 2
5536 2
5537 2
5538 2
5539 2
5540 2
5541 2
5542 2
5543 2
5544 2
5545 2
5546 2
5547 3
5548 3
5549 3
5550 3
5551 3
5552 3
5553 3
5554 3
5555 3
5556 2
5557 2
5558 2
5559 2
5560 2
5561 2
5562 2
5563 2
5564 2
5565 2
5566 2
5567 2
5568 2
5569 2
5570 2
5571 2
5572 2
5573 2
5574 2
5575 2
5576 2
5577 2
5578 3
5579 3
5580 3
5581 3
5582 3
5583 3
5584 3
5585 3
5586 3
5587 3
5588 3
5589 3
5590 3
5591 3
5592 3
5593 3
5594 3
5595 3
5596 3
5597 3
5598 3
5599 2
5600 2
5601 2
5602 2
5603 2
5604 2
5605 2
5606 2
5607 2
5608 2
5609 2
5610 2
5611 2
5612 2
5613 2
5614 2
5615 2
5616 2
5617 2
5618 2
5619 2
5620 2
5621 2
5622 2
5623 2
5624 2
5625 2
5626 2
5627 2
5628 2
5629 2
5630 2
5631 2
5632 2
5633 2
5634 2
5635 2
5636 2
5637 2
5638 2
5639 2
5640 2
5641 2
5642 2
5643 2
5644 2
5645 2
5646 2
5647 2
5648 2
5649 2
5650 2
5651 2
5652 2
5653 2
5654 2
5655 2
5656 2
5657 2
5658 2
5659 2
5660 2
5661 2
5662 2
5663 2
5664 2
5665 2
5666 2
5667 3
5668 3
5669 3
5670 3
5671 3
5672 3
5673 3
5674 3
5675 3
5676 2
5677 2
5678 2
5679 2
5680 2
5681 2
5682 2
5683 2
5684 2
5685 2
5686 2
5687 2
5688 1
